0.000000000000000000e+00 0.000000000000000000e+00
9.470000000000000639e-02 1.769677505771504400e+00
1.894000000000000128e-01 3.367362350932405768e+00
2.842000000000000082e-01 4.649731114573986801e+00
3.789000000000000146e-01 5.519308896900176009e+00
4.736000000000000210e-01 5.945489773321518179e+00
5.683000000000000274e-01 5.959673620868930044e+00
6.630000000000000338e-01 5.646340554583286320e+00
7.578000000000000291e-01 5.122992088498710572e+00
8.525000000000000355e-01 4.518472749548894996e+00
9.472000000000000419e-01 3.945736320655241602e+00
1.041900000000000048e+00 3.485534447610869613e+00
1.136700000000000044e+00 3.175992036015074405e+00
1.231400000000000050e+00 3.014203520788276691e+00
1.326100000000000056e+00 2.964104669802495984e+00
1.420800000000000063e+00 2.974203835624097181e+00
1.515500000000000069e+00 2.995563700971731080e+00
1.610300000000000065e+00 2.997698387785583396e+00
1.705000000000000071e+00 2.978106613129941849e+00
1.799700000000000077e+00 2.963057260608180421e+00
1.894400000000000084e+00 2.999382777834401548e+00
1.989100000000000090e+00 3.139415708768714453e+00
2.083899999999999864e+00 3.423077920239914640e+00
2.178599999999999870e+00 3.859586908622871348e+00
2.273299999999999876e+00 4.418088368881392114e+00
2.367999999999999883e+00 5.024493164034558035e+00
2.462800000000000100e+00 5.570250441490880888e+00
2.557500000000000107e+00 5.927277165633444866e+00
2.652200000000000113e+00 5.974768405449078834e+00
2.746900000000000119e+00 5.621096768500416729e+00
2.841600000000000126e+00 4.824997958302160050e+00
2.936399999999999899e+00 3.606284169591384536e+00
3.031099999999999905e+00 2.052448117386017845e+00
3.125799999999999912e+00 2.999219348806424490e-01
3.220499999999999918e+00 -1.482060032280453576e+00
3.315199999999999925e+00 -3.119524482635030793e+00
3.410000000000000142e+00 -4.462882729108824442e+00
3.504700000000000149e+00 -5.405043167573935214e+00
3.599400000000000155e+00 -5.904630899525689536e+00
3.694100000000000161e+00 -5.982884407635127744e+00
3.788899999999999935e+00 -5.716160723363687524e+00
3.883599999999999941e+00 -5.219254346759759855e+00
3.978299999999999947e+00 -4.619817340704044817e+00
4.073000000000000398e+00 -4.035114031422271985e+00
4.167699999999999960e+00 -3.552285017780681287e+00
4.262500000000000178e+00 -3.216740368812691209e+00
4.357199999999999740e+00 -3.032166759653919907e+00
4.451900000000000190e+00 -2.966819690676646637e+00
4.546599999999999753e+00 -2.970570634775850927e+00
4.641300000000000203e+00 -2.992828952869928116e+00
4.736100000000000421e+00 -2.999161774842007411e+00
4.830799999999999983e+00 -2.982087199553395518e+00
4.925500000000000433e+00 -2.963425222560029937e+00
5.020199999999999996e+00 -2.987475440311188279e+00
5.115000000000000213e+00 -3.107085392291717874e+00
5.209699999999999775e+00 -3.364973078728551670e+00
5.304400000000000226e+00 -3.776930259289652980e+00
5.399099999999999788e+00 -4.319117809937307761e+00
5.493800000000000239e+00 -4.924335595439984559e+00
5.588599999999999568e+00 -5.488917383728871613e+00
5.683300000000000018e+00 -5.886204003773085169e+00
5.777999999999999581e+00 -5.992774412416427054e+00
5.872700000000000031e+00 -5.710436059893446270e+00
5.967399999999999594e+00 -4.988406106733674683e+00
6.062199999999999811e+00 -3.835734547509514591e+00
6.156900000000000261e+00 -2.329619667585232090e+00
6.251599999999999824e+00 -5.990137275087781266e-01
6.346300000000000274e+00 1.190369871062095131e+00
6.441099999999999604e+00 2.865012555047896203e+00
6.535800000000000054e+00 4.264779822788051789e+00
6.630499999999999616e+00 5.278320946839663463e+00
6.725200000000000067e+00 5.851926385746583748e+00
6.819899999999999629e+00 5.996427186447163216e+00
6.914699999999999847e+00 5.780009356776159457e+00
7.009400000000000297e+00 5.312690238312178792e+00
7.104099999999999859e+00 4.721642124756616710e+00
7.198800000000000310e+00 4.127421468150673789e+00
7.293499999999999872e+00 3.623238359737098069e+00
7.388300000000000090e+00 3.261754537372747009e+00
7.482999999999999652e+00 3.053489059117481919e+00
7.577700000000000102e+00 2.971456866437588662e+00
7.672399999999999665e+00 2.967413897332487505e+00
7.767199999999999882e+00 2.989610034038309383e+00
7.861900000000000333e+00 2.999906012607731043e+00
7.956599999999999895e+00 2.985970650500088031e+00
8.051299999999999457e+00 2.964960991561933934e+00
8.146000000000000796e+00 2.978242347748097707e+00
8.240800000000000125e+00 3.078446660241435318e+00
8.335499999999999687e+00 3.311244792171406104e+00
8.430199999999999250e+00 3.697996235293750544e+00
8.524900000000000588e+00 4.221986451226579895e+00
8.619600000000000151e+00 4.823082883880369209e+00
8.714399999999999480e+00 5.402947218152847952e+00
8.809100000000000819e+00 5.836986648732263028e+00
8.903800000000000381e+00 5.999855447226615013e+00
8.998499999999999943e+00 5.787405893400507928e+00
9.093299999999999272e+00 5.138809301436354282e+00
9.188000000000000611e+00 4.055200096126318599e+00
9.282700000000000173e+00 2.600465289794992696e+00
9.377399999999999736e+00 8.964490196909347119e-01
9.472099999999999298e+00 -8.953996926419324209e-01
9.566900000000000404e+00 -2.601211727711442823e+00
9.661599999999999966e+00 -4.055798218576244452e+00
9.756299999999999528e+00 -5.139214783630015049e+00
9.851000000000000867e+00 -5.787155030884597373e+00
9.945700000000000429e+00 -5.999849205744409275e+00
1.004049999999999976e+01 -5.836838394475518221e+00
1.013519999999999932e+01 -5.402701346734188448e+00
1.022990000000000066e+01 -4.823442703324340997e+00
1.032460000000000022e+01 -4.222326673656942475e+00
1.041939999999999955e+01 -3.697781324485828858e+00
1.051409999999999911e+01 -3.311100958074550071e+00
1.060880000000000045e+01 -3.078372050451361641e+00
1.070350000000000001e+01 -2.978270611921111310e+00
1.079819999999999958e+01 -2.964953778072925594e+00
1.089300000000000068e+01 -2.985981202803182910e+00
1.098770000000000024e+01 -2.999907055381890064e+00
1.108239999999999981e+01 -2.989600390824773690e+00
1.117709999999999937e+01 -2.967423979791615096e+00
1.127180000000000071e+01 -2.971436755989181222e+00
1.136660000000000004e+01 -3.053553464189589839e+00
1.146129999999999960e+01 -3.261886213652597455e+00
1.155599999999999916e+01 -3.622979837650627477e+00
1.165070000000000050e+01 -4.127089820336049542e+00
1.174549999999999983e+01 -4.721926531377920178e+00
1.184019999999999939e+01 -5.312946512001791355e+00
1.193490000000000073e+01 -5.780178008313964000e+00
1.202960000000000029e+01 -5.996396828985716354e+00
1.212429999999999986e+01 -5.852134183000296197e+00
1.221909999999999918e+01 -5.277949879568589964e+00
1.231380000000000052e+01 -4.264211492947898918e+00
1.240850000000000009e+01 -2.864286670700200599e+00
1.250319999999999965e+01 -1.191409000652625449e+00
1.259789999999999921e+01 5.979570846963759845e-01
1.269270000000000032e+01 2.330384752886689448e+00
1.278739999999999988e+01 3.836361216085861781e+00
1.288209999999999944e+01 4.987848683367278824e+00
1.297680000000000078e+01 5.710141594549362765e+00
1.307160000000000011e+01 5.992809209033898910e+00
1.316629999999999967e+01 5.886077715544759670e+00
1.326099999999999923e+01 5.488683605555037204e+00
1.335570000000000057e+01 4.924692511686775021e+00
1.345040000000000013e+01 4.319465260801367279e+00
1.354519999999999946e+01 3.776704669224164146e+00
1.363990000000000080e+01 3.364817024446312033e+00
1.373460000000000036e+01 3.107000089540833621e+00
1.382929999999999993e+01 2.987512742371924102e+00
1.392399999999999949e+01 2.963421715027378500e+00
1.401880000000000059e+01 2.982098250966820796e+00
1.411350000000000016e+01 2.999164869606001815e+00
1.420819999999999972e+01 2.992839591413699374e+00
1.430289999999999928e+01 2.970582785525915703e+00
1.439770000000000039e+01 2.966829839819417725e+00
1.449239999999999995e+01 3.032221499671793108e+00
1.458709999999999951e+01 3.216860032742603792e+00
1.468180000000000085e+01 3.552041176536553824e+00
1.477650000000000041e+01 4.034792191522774019e+00
1.487129999999999974e+01 4.620101102100118595e+00
1.496599999999999930e+01 5.219519343141235446e+00
1.506070000000000064e+01 5.716348160075111373e+00
1.515540000000000020e+01 5.982818998840124358e+00
1.525009999999999977e+01 5.904796334677020475e+00
1.534490000000000087e+01 5.404706789659532440e+00
1.543960000000000043e+01 4.462345307944758588e+00
1.553430000000000000e+01 3.120417115116378426e+00
1.562899999999999956e+01 1.483086129122811236e+00
1.572380000000000067e+01 -3.007582630313239136e-01
1.581850000000000023e+01 -2.053229859829221127e+00
1.591319999999999979e+01 -3.606938012150679995e+00
1.600789999999999935e+01 -4.824398113819639455e+00
1.610259999999999891e+01 -5.620758333382781302e+00
1.619739999999999824e+01 -5.974834196367042161e+00
1.629210000000000136e+01 -5.927174359744523890e+00
1.638680000000000092e+01 -5.570030450030269975e+00
1.648150000000000048e+01 -5.024845210573932519e+00
1.657620000000000005e+01 -4.418441593691932567e+00
1.667099999999999937e+01 -3.859351232144002886e+00
1.676569999999999894e+01 -3.422909670261013115e+00
1.686039999999999850e+01 -3.139537997670530878e+00
1.695510000000000161e+01 -2.999429979498773768e+00
1.704980000000000118e+01 -2.963058324677379396e+00
1.714460000000000051e+01 -2.978117700396828660e+00
1.723930000000000007e+01 -2.997703434154594948e+00
1.733399999999999963e+01 -2.995572367340005648e+00
1.742869999999999919e+01 -2.974217297541276395e+00
1.752349999999999852e+01 -2.964109808811620006e+00
1.761820000000000164e+01 -3.014249180407948536e+00
1.771290000000000120e+01 -3.176099911904977979e+00
1.780760000000000076e+01 -3.485305670542861556e+00
1.790230000000000032e+01 -3.945425405305497790e+00
1.799709999999999965e+01 -4.518754490848710503e+00
1.809179999999999922e+01 -5.123264148073370272e+00
1.818649999999999878e+01 -5.646081078765117667e+00
1.828119999999999834e+01 -5.959574818213145164e+00
1.837590000000000146e+01 -5.945613709273885661e+00
1.847070000000000078e+01 -5.519007339414716107e+00
1.856540000000000035e+01 -4.649225583677246476e+00
1.866009999999999991e+01 -3.368224438993685954e+00
1.875479999999999947e+01 -1.770687793810722166e+00
1.884959999999999880e+01 8.374907605434407046e-04
